!>>> MLP <<<!
2
4
25
20
15
10
-0.35883422893835637
-0.15167009011722504
-----
-1.1911505461007454
1.5846066508857273
-----
-0.33940290829371506
-0.17265322739086067
-----
-1.6433181788578453
0.5711231548804667
-----
-0.32624361329688023
-0.1832583499487157
-----
-1.655716729351166
0.7265468025143068
-----
-0.32633335926870344
-0.18488811096212027
-----
-0.3319080343421227
-0.17546127944372106
-----
-0.325725629414551
-0.18231155413859504
-----
-0.2850958618019692
-0.2516447312742718
-----
-2.9359337597752244
2.128408027719343
-----
-2.37858491328041
1.8404249707148455
-----
-0.33066711499001833
-0.10280682107078826
-----
-0.010280103982995191
1.4041690408456982
-----
-3.865547241796217
1.739321156463266
-----
-0.32728673267788067
-0.18443330294405422
-----
-0.3271498974768392
-0.18173644304797867
-----
-3.6512826474422098
1.6942884388997872
-----
-3.3990046887586374
1.9799063028228499
-----
-3.9452669493231425
1.7600347075668632
-----
-0.3260331644874048
-0.18203335367192391
-----
-0.32576979832114067
-0.1839468796024803
-----
-0.32507072499030865
-0.18552989073475912
-----
-3.7077581407615496
1.6797892016567406
-----
-3.413669470071335
2.3093203394481407
-----
=====
0.38165287768394085
1.3121113235905717
0.3877283006896031
0.80184733039213
0.38990888175857363
0.8516527989292392
0.3822324648855263
0.424191377845158
0.4851740832330017
2.0562868842637583
1.2777637069357226
1.1017336505329014
1.549103247883293
-2.2626399200145646
0.9898484548067528
0.45655546462391666
0.46462729172495365
1.1062197505479439
1.0211720952657821
0.9520654679304204
0.41453768968973287
0.440801644601993
0.4287757067569378
1.0080392948140147
1.942037543022674
-----
-2.4763731733522474
1.1483787990020045
-2.802449171645922
1.1638261450996872
-2.8547144983558623
1.2499401014269724
-2.8457689449538717
-2.8043019592125944
-2.8353228624474847
-0.18346472801917413
1.356885203288256
1.315482145491816
0.9833573206413905
2.5751428859336247
1.3176414858167447
-2.8514501419416973
-2.8527916918812655
1.3582024766341505
1.4580940660823865
1.4277037162097865
-2.874675296958013
-2.859703251659564
-2.7803204168356057
1.3172102450370238
1.3989859384282384
-----
-0.8229203690140164
-0.2720242419121261
-1.0636487795327019
-0.09641574721207119
-1.245291710664503
-0.0826506804229361
-1.2465048931815728
-1.1246037540515603
-1.2568053438244549
-0.9294979859300558
-0.05673209411499999
-0.03825407496170668
-0.46813448056606743
2.605791895408481
0.348076651227711
-1.286978416824884
-1.2126672133119119
0.21830288138003143
0.21846122358584888
0.31408387208690525
-1.3425681023088578
-1.3395351033435055
-1.3181943884698633
0.30730610005638276
0.1508205477344075
-----
-2.7815284556613067
1.0160634772498234
-3.0537119747250445
1.2674995455584912
-3.099772989154283
1.2670807757631977
-3.050674946953725
-3.136546828713075
-3.1160276651287897
-0.23390829937453603
1.175446008864747
1.1780521352312772
1.036085472865314
2.56532885502779
1.4157327549441199
-3.0262819015592135
-3.0626334747735178
1.441318786554093
1.3500119205197447
1.4736329098137255
-3.1138337926782014
-3.1116903780701226
-3.094488445931444
1.481032508346814
1.19038676121807
-----
-0.7866285539539881
-0.49273512058377966
-1.036054214302472
-0.2866125161719013
-1.40329795176839
-0.19961508838905295
-1.2998367695550255
-1.1979602445729862
-1.2928289287947419
-1.2886201271231597
-0.2006178970218848
-0.208176117117091
-0.7545585675558976
2.8966645889969547
0.26928757611684523
-1.2663683540401898
-1.3203417932351995
0.14621954652518598
0.04584793271429491
0.2704982122692162
-1.3190778185824446
-1.3558064211729561
-1.3207553953219813
0.18718244420560426
-0.17263129524084075
-----
-2.265262766196258
1.083907128331065
-2.608393852957192
1.01582623017656
-2.6212151998702615
1.1036350442565797
-2.6231198394563395
-2.6474637929082085
-2.554780275854474
-0.19327161228214362
1.4200787379896391
1.3041167558671123
0.8448446422040345
2.5524344657457627
1.3241963860761792
-2.630597209563912
-2.579442289903728
1.4031389107270908
1.4437395722036668
1.3765583049199328
-2.5847079085342495
-2.6388798380877407
-2.56636353430338
1.2503675814921695
1.5508096085746161
-----
-1.4895042113262478
-0.41867023925183605
-1.759169252850305
0.004757836118211144
-2.1299217761116758
-0.01571903693035869
-2.1991555938504943
-1.968299161063481
-2.173153577430793
-1.7584815292922018
0.20798700655550573
0.19517361365891098
-0.8311711985453003
3.5279903134589974
0.6436211569983553
-2.128947417635812
-2.1159253984796873
0.5107172512553049
0.5715737347886616
0.707119674093603
-2.187801366537118
-2.1098899900605947
-2.181165207127221
0.6258488894142934
0.2135664428006674
-----
-0.833056275204853
-0.5830702597665032
-1.071715607697359
-0.27809198160919146
-1.5110479243916215
-0.27197799389423516
-1.4027463021350806
-1.2916144095825317
-1.393625017173798
-1.3798448999769999
-0.1602188094932858
-0.15601936830529894
-0.8171517177731171
3.0106944334553165
0.3348790699191868
-1.3494235172573155
-1.3215464113873479
0.2457025030532965
0.05003083893729573
0.41628481950669427
-1.4574392626929518
-1.4224516612168303
-1.448156809460029
0.27738210876208713
-0.24039106501183694
-----
-1.6732359540672697
0.09310232258066159
-1.9957052265169342
0.4057120359270709
-2.097900360274027
0.4006199828397906
-2.0901028511645374
-1.9957474079309139
-2.113306925518072
-0.9785926397329144
0.475830551994258
0.47741558603534223
-0.09181163390146743
2.7174827656538034
0.8803725265052945
-2.0312338399637175
-2.091617244708634
0.8308372581529735
0.7795550238731664
0.9105646306123721
-2.1384247973918007
-2.0437842680600244
-2.1250939048861874
0.7860739791496342
0.6447804543161356
-----
-0.41713988816706354
0.914027264484086
-0.594460485743377
0.6819998990714593
-0.5581774127010944
0.6806712240186391
-0.5827115645445606
-0.5216210212653407
-0.5757650166213781
1.2401543425757344
1.7330210464464968
1.282690289006954
1.022686869331702
-1.5272004664479215
0.9404628065030032
-0.5044232194362607
-0.5222589056222147
1.0317660960645818
1.1707741772584606
0.9270963895228485
-0.5218487768280685
-0.5554541204662387
-0.5487875458626782
0.9300609944501105
2.135200464505687
-----
-0.42611094345765055
-0.548295691048593
-0.5950393480628846
-0.3350675470308828
-0.9608882716263617
-0.4086564000770435
-0.9307907912553706
-0.7867990603403563
-0.935743123657664
-0.9143941408088693
-0.25244602338967226
-0.35062184858402295
-0.6184634019107434
2.3971731163870267
-0.0559182181098953
-0.9455721024196092
-0.8748828364205338
-0.08630436763640255
-0.2519223370457334
0.022952507237190625
-0.9457309384539979
-0.9686807651388482
-0.9900688319963449
-0.1105542519712611
-0.17610907434833614
-----
-1.8913061916128224
-0.44417723691204397
-2.0753511173571546
0.003794142312776768
-2.4183409053732783
0.06818180915016367
-2.495475806279577
-2.2524823062557093
-2.498476713278344
-1.9464038907098453
0.5023525425723351
0.3426911601229209
-0.8145396636071734
3.7293565462223257
0.7836008277536172
-2.311437847221909
-2.3879134345763298
0.6459358297238769
0.6570852950281263
0.8019415546069666
-2.4996980612151587
-2.478196207422019
-2.506147836200773
0.6972161631499277
0.5532741124486613
-----
3.5607545381177212
0.9941634452899701
3.563331935759327
0.14589206457483872
3.5408034728496913
0.097907755439822
3.473610610148214
3.5120491550119803
3.4748895819812193
2.915942774216923
-1.0849285468419612
-0.4699013944973772
1.3276359545575165
-5.461669426514061
-0.8498191835846804
3.5290838712895316
3.4873127350363644
-0.8621083699465301
-0.8644285502266744
-0.8460275834444773
3.458271261197895
3.5658936281041758
3.510055777387247
-0.8964097527605661
-1.9063201791738253
-----
-0.5319527814022262
-0.549071252938535
-0.8098827234580352
-0.2801760484219173
-1.200577229910571
-0.24305895494702745
-1.206871067495352
-1.1041205710510993
-1.1906385949993243
-1.2357263709570514
-0.3201284328312818
-0.2824535551710057
-0.7644325187509141
2.780119933594011
0.1721999238784563
-1.178367660108472
-1.1847350039612552
0.059141698495355485
-0.012302362351252783
0.20457043510553383
-1.199171351932273
-1.2590973003618926
-1.2461797288543752
0.021306595327224148
-0.33415311470374004
-----
-2.035803699207749
-0.35424671797534324
-2.241757205005481
0.10319184925331061
-2.6509129282322745
0.055631573641213405
-2.6347985009765535
-2.47430144686196
-2.6374437351548896
-1.9814035458005677
0.585941724331377
0.3586848192193177
-0.8040022689859461
3.871996539945678
0.8748167325182389
-2.4950507137455644
-2.626928323818817
0.7210869591805326
0.7272637415755253
0.9142525714126996
-2.6253640384607073
-2.602787047717194
-2.6951425844522037
0.6907978543189853
0.7386971123456209
-----
-1.9992296400509908
-0.37466970112382636
-2.2101306138310868
0.0758355842913098
-2.6808003789710564
0.11751150208423419
-2.6462633341025024
-2.4123351354810807
-2.5768966752679616
-2.029336949193439
0.5680989862107284
0.3408749611814756
-0.8301141587383123
3.869076404434175
0.8615353174681402
-2.5897803191564845
-2.5263158870450937
0.6687148114446659
0.7740176656383413
0.8557166095301115
-2.6127258109393323
-2.5780718622122425
-2.6602822718329486
0.7354592841685121
0.7273300419095157
-----
-0.5323081750886662
-0.604449674085301
-0.8295819172104797
-0.3659225607753007
-1.2211066769303964
-0.31321739301189305
-1.1256530184928304
-0.9904718573495708
-1.2046898726167923
-1.2440992688412176
-0.29718946284604314
-0.31291986631457336
-0.7363006371048589
2.821977796991319
-0.03339298711982633
-1.1044826919106245
-1.1670730868477943
-0.006672724215870192
-0.13825727988769482
0.13054634773470603
-1.2419113337730863
-1.1992462918348474
-1.1936416463080555
-0.05663606150062777
-0.3254791749108681
-----
-1.6293591500578473
-0.39172793555510826
-1.8554697990802933
-0.014881016953255645
-2.2207404654580687
0.0636070839376362
-2.2198824990819688
-2.0891318036152513
-2.2498358961579825
-1.8850028793647597
0.3597113421866439
0.2680295272018694
-0.8141499914386146
3.555295940111791
0.6708242176110091
-2.136877000479669
-2.2009605354876114
0.5869378370161319
0.5688591639122507
0.7026450171455983
-2.2771820825002513
-2.2141714275580413
-2.287666257767325
0.6499667518250323
0.3435939619445191
-----
-0.4132097548326484
-0.6442982831580637
-0.6688115208477613
-0.43871329761143124
-1.0372179884936166
-0.3927774280698898
-1.0752175828791481
-0.9021728989478026
-0.9938010437751061
-1.201430839637509
-0.4608458150844358
-0.44083909731148624
-0.7740754771725209
2.6306949717749384
-0.2503790980813518
-0.8958618955385782
-0.9965626383279419
-0.27387479247463437
-0.31493948882797457
-0.08679818700811845
-1.0487475670897073
-0.9609249956894438
-1.099720431825298
-0.22915187167027623
-0.4740046659573826
-----
3.933739635353958
0.4271577776602542
3.90278461242567
-0.6506780280706058
3.949317748181548
-0.5993971208466223
3.959833662463039
3.9209736840963725
3.913352788811233
2.815972924499029
-1.2366792093784034
-0.7889457954279383
0.8578381220170348
-5.456391956375622
-2.0232645581280178
3.9631835842535934
3.937541451429071
-1.8334007232332996
-1.7144187521096403
-1.988045671653804
3.943553036880762
3.9305890749513774
3.9482332779599427
-1.882715313929243
-1.852797831299037
-----
=====
0.05792166250325054
-1.875684988954024
0.254201046462688
-2.268889297418154
0.42907199949406966
-1.5287124402789463
-0.024447448366017484
0.4267037731900787
-0.589623524806418
-0.25615089780348793
0.4646523523195023
-0.18565588319221774
2.5684313947078525
0.4610564334209326
-0.26167237005659894
-0.23869304420036797
0.49423438113755447
-0.025743840186457836
0.5844935070205014
3.6108095038246932
-----
-1.7616192258577013
-0.1212294964567095
0.4083105372631023
-0.08951784463578774
0.7914352172660827
-0.08597288190193295
1.0800651975389248
0.8756694302776584
0.3229619431864793
-1.1536029245681836
0.41244454426771254
1.2315915787123035
-3.0819973311848514
0.6919043026921611
1.3035976496512534
1.3407899913314867
0.7487599462463779
1.1491774725291006
0.6608301072049111
-3.295640408712709
-----
-1.492231853563173
0.13413957209551586
0.5181700557375662
0.2814395646193779
0.7617360786558611
0.1138799759035602
1.0761261132952695
0.8702666355082844
0.44491853972424195
-1.0065909621306972
0.4836194906786279
1.2160201764283354
-3.173186143984056
0.6556422783855392
1.2971638183263374
1.280202634766687
0.654977498958221
1.100549112702686
0.6589125025340654
-3.6678604256219467
-----
1.4193931569280733
0.2967999675209308
-1.3079849279606557
0.2035080225826513
-1.8312335194138571
0.35894974842345195
-2.039328479549492
-2.024164468938418
-0.9452212939368797
1.1227490166432434
-1.5167899057511258
-2.0032597428048726
2.3371048593561237
-1.9313955618541656
-2.0154064587987706
-2.0638187561461465
-1.7875930548444239
-1.9157772081123168
-1.995570925906354
2.3718940326407356
-----
-0.07484123784260438
1.756552731738213
-0.15131400353529514
2.019821094548335
-0.28197779625363983
1.6263920172641153
0.25101090370483015
-0.16021218621399072
0.7318193564868827
0.3952981959712177
-0.5110231844096187
0.5545509339442772
-2.77626406156438
-0.31782307596405734
0.6343700510221487
0.620350866019098
-0.35054453143906944
0.38909636437443457
-0.38035562448342314
-3.9757070704794293
-----
2.073218546028789
1.0442399716726496
-0.6353887512800422
0.9460161429709919
-1.1607048576578105
0.990485051568777
-1.2323267422699202
-1.3951228325365077
-0.03503740451600808
1.76796651891033
-0.9609675931787081
-1.1473365967452098
2.8028121077743795
-1.2712860132581452
-1.0826049468690817
-1.1490003490598344
-1.2446320100529173
-1.0790302860790317
-1.3476865934053734
2.990159444470037
-----
0.30731876584605494
1.8991737383036291
-0.2061592802680838
2.1923534589998597
-0.32575019981326864
1.6564191582715349
0.123072131613433
-0.3518244640121123
0.5427762734090108
0.6364225666166637
-0.5475483948587215
0.3982464989775279
-2.26571155430187
-0.43712423397987815
0.4713761584807295
0.49726933377028815
-0.5036238167113803
0.17573147949174445
-0.5069289482536192
-3.39830822635215
-----
0.36167439127462364
-1.6557614096879558
-3.2582362961085694
-1.3068160454444135
-2.814735023035727
-1.8265995408637579
-2.6348851682396526
-2.7347559130609236
-2.736356541522242
-1.079364535289827
-3.1045905611941573
-2.643744059094928
1.9813069715475111
-2.7349814512156314
-2.626625613149239
-2.699065424514865
-3.029038685969353
-2.6803603728977947
-2.692738290602605
2.832457038649911
-----
0.08096600480461068
-1.9143159661180276
0.20505711864666654
-2.2372544542867483
0.4041173332231426
-1.5124878414652585
-0.0734032557905599
0.3739918619056063
-0.6961194222815812
-0.20977147836693474
0.39293825076431
-0.3509563504273467
2.733792616477541
0.465669866383884
-0.4901419942122761
-0.39705640669061737
0.46417827956432944
-0.09700034512625814
0.5040089617972837
3.8256106313510716
-----
0.008683906030956184
1.7255904326596112
-0.15410642413903708
2.0568852063955707
-0.2724167001982956
1.5253557517235392
0.2037949150557887
-0.22643100104548933
0.6700148903126718
0.45924634498974687
-0.523807279280388
0.43208527454258516
-2.7364492633855293
-0.29844751016142185
0.5989847354292834
0.6100465252718126
-0.39148064694761125
0.2825511665256871
-0.4237326439408921
-3.896836437569773
-----
-0.9105123140328197
-2.67387180690685
0.08021121623983092
-2.9056426276898066
0.435368323335109
-2.379615186878851
-0.07604926699027646
0.4742746612512583
-0.8631014997228812
-1.1321896549457917
0.4203534385854223
-0.33001620970154033
1.651921035789881
0.4424906264653864
-0.5673582741378413
-0.5895376101972563
0.4069695715239745
-0.18042887738114563
0.6096904371950175
3.574663656942838
-----
-1.607093648779899
0.22244491127046528
0.553505551884084
0.25070018814262424
0.8488676063305559
0.19608400763351386
1.1873211762383933
0.8523730763509255
0.5016140973301346
-1.0807417441955292
0.5395817755456789
1.183716523286059
-3.426699342072207
0.7452521514411945
1.328316806978089
1.2973077373696027
0.7001428792232992
1.1529493624765088
0.730354429428161
-3.7316612677262397
-----
-1.7810005632876855
-0.36768162447252883
0.5442386471925683
-0.35916350031421085
0.7893135446522751
-0.43532130296870625
1.133650302378467
0.9536353099108811
0.20324714324713108
-1.3511821915401139
0.5854138431946813
1.2421121996246212
-2.9955047908321735
0.8276690202043142
1.2308697324601119
1.2452111342039534
0.8553623563121933
1.1458494886603798
0.7274916619252996
-3.197113433039883
-----
0.21294805699473088
1.8597731548037215
-0.254658708828207
2.253462573799589
-0.33739334157153955
1.6488355149602671
0.07513947728802467
-0.25005853097853464
0.5511830988423126
0.5141873176732706
-0.6135078565876718
0.38363083511956486
-2.447850937804193
-0.3586064487616176
0.5077577585017233
0.47615843687843984
-0.5290292735224726
0.220701093296312
-0.4965151207333119
-3.648974062977811
-----
-0.29775950892062397
-2.475263244681717
-0.10783651540842268
-2.832167308399811
0.22906758919547204
-2.0551769180024047
-0.3400808999960088
0.2674435973763843
-0.9029673042833036
-0.5866721579068831
0.2758304231228999
-0.5360162839519738
2.534915545972519
0.2719325247460029
-0.8183503982393326
-0.7640644173311943
0.28234116541434
-0.32126692069951873
0.49090623243180187
4.258671701412479
-----
=====
-1.374326245785827
-0.9726238886039351
-0.8792996138798133
-1.0277153631185756
-1.0343281149289747
-1.1074570189990198
-1.08307534210514
-0.6436132055921286
-1.39222453688418
-0.9716694811056155
-1.2543452015462742
-0.909821788477841
-1.019961391395731
-1.0334045127302105
-1.2140266350736872
-----
-2.3533365785248117
-3.393595373177967
-3.0048548430177973
0.981618495673513
-2.7436966435275063
0.8663616353486471
-2.66273309075437
9.525435699435878
-2.3467632304650072
-2.438086368177938
-0.36795502462593355
-2.959708275389533
-3.6661677306135023
-2.490861184394551
-1.2318600677684621
-----
-1.3712299689966858
-0.9796261355840131
-0.8533833061897264
-0.9747972286262107
-0.9783327240138252
-1.1231699575625833
-1.0434128473843902
-0.6914436346220466
-1.348225635073374
-1.055309909065653
-1.2572859264081562
-0.9135284410682942
-1.0448604816723042
-1.0821584987150425
-1.2589378416999966
-----
-3.003313751815953
-2.6358705166448892
-1.9947924039148035
1.4909113774485956
0.9136334078116902
1.3351314359053903
0.8024498324806342
-1.2144082820304927
-2.918513133129203
0.8350425336485626
-3.0349779423100984
-1.974237398528284
-3.0215827163385547
0.9660357195770014
-3.2093225116983453
-----
-1.1405313633795187
-2.281115248662177
-1.74846110767307
5.998660592302518
-3.5129627487715696
3.9771068382421637
-2.7266500066291908
-9.083509835224982
-0.9018077923289457
-3.3826181393455386
-2.8475884675429453
-2.0296398341392523
-3.2733404008094102
-3.02707391920543
-1.7360107511879679
-----
1.6606132228021762
-3.0135112654389324
-2.836439150578158
-6.245524335273372
-3.727167846834388
-2.495418119092423
-4.195304739289056
-4.250891008577432
1.6404770140540756
-3.9390797114975817
2.319464031564496
-2.875173734514653
-3.1441529289183188
-4.324836251104284
2.282421826988374
-----
0.34244936991773894
1.6236970134441686
1.7227784670654152
-4.609869575233689
-2.184324550797848
-8.134203953607436
-4.162573452603974
-1.728444824636684
-0.2730266386053418
-2.6892083486266953
-0.0765196554951828
2.1107277965356146
1.8262751420025656
-4.22472048924075
-0.9970380632866495
-----
-1.3364848893342605
-0.9521466814573036
-0.9297870483476398
-1.0120106129698399
-1.029943450691987
-1.0930340161771792
-1.0154329539394333
-0.7037160720935517
-1.3885573613204814
-1.050566514880661
-1.2480390229965816
-0.9539406761144604
-0.9668969519050654
-1.060898510877711
-1.275999052692128
-----
-1.3107678954904873
-0.8890268214419644
-0.8414810711785253
-0.9790279087625332
-1.0631404446139607
-1.151756447804499
-1.015033853158758
-0.7292054979583725
-1.330652377689368
-1.0244505212879809
-1.2421347088901924
-0.9692587304108208
-1.0622193994129672
-1.041335637458099
-1.3363127998292195
-----
-1.9036434998882958
0.9779573341050233
0.8963792353698025
-4.9236207347135545
0.9426779610103404
-4.96083198282651
0.46766806588927357
-3.177977450864666
-2.098330669647426
0.5710802520548612
-3.167304333537386
0.8777969250734172
1.0763302456791892
0.5783060289012006
-3.1877711001729656
-----
=====
