!>>> MLP <<<!
8
2
3
8
6.5249791959524295
-7.526028151918508
7.678107697162152
-2.749996848459039
-2.365620384392289
7.055466023083172
0.09155102706654149
-1.4186359948834897
-----
-7.116134133454311
3.8716743099782844
-1.0926652993031163
-2.7993976745949576
7.65764192281772
1.164939688106568
6.996889107619813
-0.28088737100234856
-----
6.047435676552037
6.768778332096692
-0.9062774399362798
-2.720046953849361
-0.38290817186322973
-7.30394873777298
-4.95099355199213
7.771225654560898
-----
=====
2.9138467748868133
-56.029874393922796
1.5371779124197418
-----
-55.790207464903574
-3.445649967508513
7.659773644570457
-----
23.616751569048475
-39.81131954895367
-32.82047770635061
-----
-1.725159907941372
-2.25189457759326
-1.351751563283658
-----
-46.12541344554729
17.825278426931288
-23.195517748459228
-----
12.993832882375042
-11.383733066271688
-52.580755736129106
-----
-17.14284731641846
13.763827810635084
-46.396430851819346
-----
-41.75275966153426
-33.89447966384992
26.80484971398716
-----
=====
